individual1
tailbase:118.09208096130502
leftear:5207.934638325915
snout:5203.699003564064
rightear:4934.556135063715
